12 10
1 1 12 10
4
0 1 1
1 1 1
0 1 4
1 1 5
0 1 6
1 1 6
0 1 9
1 1 10
1 2 3
0 2 4
0 2 5
1 2 8
0 2 9
0 2 10
1 3 1
0 3 2
0 3 4
1 3 4
1 3 6
0 3 7
0 3 9
1 3 9
0 4 2
0 4 4
1 4 4
1 4 5
0 4 7
0 4 9
1 4 9
1 4 10
1 5 2
0 5 3
1 5 3
0 5 5
1 5 7
0 5 8
1 5 8
0 5 10
0 6 1
1 6 1
0 6 4
1 6 5
0 6 6
1 6 6
0 6 9
1 6 10
1 7 3
0 7 4
0 7 5
1 7 8
0 7 9
0 7 10
1 8 1
0 8 2
0 8 4
1 8 4
1 8 6
0 8 7
0 8 9
1 8 9
0 9 2
0 9 4
1 9 4
1 9 5
0 9 7
0 9 9
1 9 9
1 9 10
1 10 2
0 10 3
1 10 3
0 10 5
1 10 7
0 10 8
1 10 8
0 10 10
0 11 1
1 11 1
0 11 4
1 11 5
0 11 6
1 11 6
0 11 9
1 11 10
1 12 3
0 12 4
0 12 5
1 12 8
0 12 9
0 12 10
1 1 1
0 1 2
1 1 2
0 1 6
1 1 8
0 1 9
1 1 9
0 2 3
1 2 4
0 2 5
0 2 10
0 3 1
0 3 2
1 3 2
1 3 7
0 3 8
0 3 9
1 3 9
1 4 1
0 4 2
0 4 6
1 4 6
1 4 8
0 4 9
1 5 1
1 5 4
1 5 5
0 5 6
0 5 7
1 5 7
1 5 8
0 6 2
1 6 2
0 6 5
0 6 9
1 6 9
1 7 2
0 7 4
1 7 4
0 7 7
1 7 9
1 8 1
0 8 2
1 8 2
0 8 6
1 8 8
0 8 9
1 8 9
0 9 3
1 9 4
0 9 5
0 9 10
0 10 1
0 10 2
1 10 2
1 10 7
0 10 8
0 10 9
1 10 9
1 11 1
0 11 2
0 11 6
1 11 6
1 11 8
0 11 9
1 12 1
1 12 4
1 12 5
0 12 6
0 12 7
1 12 7
1 12 8
