0 22
1 17
2 1
3 20
4 25
5 3
6 18
7 17
8 20
9 4
10 10
11 20
2 14
14 22
15 5
16 32
17 1
18 29
19 13
20 2
21 12
22 24
23 16
24 11
25 21
26 29
27 5
28 2
29 22
30 15
31 6
32 27
14 30
21 30
1 5
6 0
7 29
24 31
8 26
9 32
7 12
4 18
10 24
19 2
2 30
11 26
19 9
13 18
14 29
4 21
14 3
15 20
3 15
17 2
17 7
18 31
19 0
4 19
2 9
21 7
4 15
21 15
22 0
28 24
23 21
24 12
25 29
5 18
26 4
28 27
28 11
21 4
29 2
30 28
31 30
32 6
25 23
24 21
7 26
25 2
0 21
26 26
29 31
10 19
28 1
19 29
25 22
2 3
28 18
11 23
18 23
17 22
29 23
13 32
14 15
4 14
31 2
14 27
25 25
3 25
