0000000000000000000000000000000000000000000000000000000000000
0000000000000001100001100001100000000000000000000000000000000
0000000000000010010100001010010000000000000000000000000000000
0000000000000011100000000001110000000000000000000000000000000
0000000000000000011000000110000000000000000000000000000000000
0000000000000000100111111001000000000000000000000000000000000
0000000000000000110000000011000000000000000000000000000000000
0000000000000000000000000000000000000000000000000000000000000
0000000001000000000000000000000000000001100000000001000000000
0000000010001110000001000000000100000001100000000010100000000
0000000001011111000000000011100010000000000000000000000000000
0000000000000100010000010111110100000000000000000010000000000
0000000000000110000111000001000000000000000000000011000000000
0000000000000110000111000011000000000000000000011111000000000
0000000000000000000010000011000000000000000000011011000001100
0000000000000000000000000000000000000000000000000010000001010
0000000000000000000000000000000000000000000000000000001101010
0000000000000000000000000000000000000000000000000000001010100
0000000000000000000000000000000000000000000000000000000010000
0000000000000000000000000000000000001110000000001010001001000
0000000011000000000000000000000000001001000000001001000001000
0000000011000000000000000000000000000000100000001010010001000
0000000000000000000000000000000000001001000000000000010001000
0000000000000000000000000000000000001110000000000000000001000
0000000000000000000000000000000000000000000000000000001001000
0000000000000000000000000000000000000000000000000100000010000
0000000000000000000000000000000000000000000000110110001010100
0000000000000000000000000000000000000000000000111110001101010
0000000000100000000000000000000000000000000000000110000001010
0000000001010000000000000000000000000000000000000100000001100
0000000000000000000000000000000000000000000000000000000000000
0011000000010000000000000000000000000000000000000101000000000
0101000000110000000000000000000000000000000000000010000000000
0101011000111110000000000000000000000000000000000000000000000
0010101000110110000000000000000000000000000000000000000000000
0000100000010000000000000000000000000000000000000000000000000
0001001000000000000000000000000000000000000000000000000000000
0001000000000000000000000000000000000000000000000000000000000
0001000100000000000000000000000000000000000000000000000000000
0001000100101000000000000000000000000000000000000001100000000
0001000001001000000000000000000000000000000000000001100000000
0001001000101000000000000000000000000000000000000000000000000
0000100000000000000000000000000000000000000000000000000000000
0010101000000000000000000000000000000000000000000000000000000
0101011000000000000000000000000000000000000000000000000000000
0101000000100000000000000000000000000000000000000000000000000
0011000001101100000000000000000001100000100000000000000000000
0000000001111100000000000000000001100001110000110000000000000
0000000001100000000000000000000001000001110000110000000000000
0000000000100000000000000000010111110100000100010000000000000
0000000000000000000000000000100011100000000001111101000000000
0000000010100000000011000000010000000001000000111000100000000
0000000001000000000011000000000000000000000000000001000000000
0000000000000000000000000000000000000000000000000000000000000
0000000000000000000000000000000001100000000110000000000000000
0000000000000000000000000000000001001111110010000000000000000
0000000000000000000000000000000000110000001100000000000000000
0000000000000000000000000000000111000000000011100000000000000
0000000000000000000000000000000100101000010100100000000000000
0000000000000000000000000000000011000011000011000000000000000
0000000000000000000000000000000000000000000000000000000000000
